5000 900
4876 2699 1738
4371 3097 3008
4781 3032 4717
2353 3531 3990
2689 4402 4578
1287 1156 1993
2316 3421 699
1778 2882 3954
4468 4630 2091
667 760 2639
439 4791 4849
3721 776 4194
3214 2179 2444
986 1974 2038
3191 3412 3533
1107 722 4409
3039 651 2476
4205 1845 3467
3256 4568 2394
1009 4086 253
1468 2139 1547
3699 583 4481
879 1999 1473
1775 3592 891
636 1200 125
911 1754 4481
2769 2085 2711
4833 888 1525
3307 1192 1601
4712 2270 231
2905 3643 4860
4128 3913 1158
3569 89 1017
2509 3286 4462
3132 1707 1737
3726 2598 1526
882 249 3485
4497 669 2594
3856 4952 2702
3085 3515 2511
1319 2970 1188
4613 302 801
1400 3526 1312
1894 1106 3124
4646 1237 1341
2957 1133 147
672 1467 1710
2127 1598 4258
2040 1045 3991
1691 4096 3523
2566 4024 3220
3584 990 1088
4578 858 2122
1215 164 1309
700 66 1383
1883 2195 998
411 3650 1630
2394 1763 4301
2307 4298 937
260 4778 2220
4643 89 3273
1496 2859 2967
1910 1530 345
857 357 91
1169 4203 335
3884 4168 2358
3712 4054 3800
3526 2690 4433
682 1882 4952
703 640 1877
2610 4916 570
304 1156 379
1376 3752 4921
873 3619 2142
2925 1619 1430
4121 380 1499
4996 1548 1685
1014 4227 2237
2343 2046 697
4124 1294 4737
2430 4287 4458
1574 539 357
4828 1922 2585
4187 909 1454
521 1267 835
2025 4332 970
2837 500 3783
3533 4069 368
2484 371 22
720 1204 3696
3648 4785 561
2056 3653 776
3894 558 4652
1827 3848 1292
342 1328 3979
4951 4158 648
1999 3945 473
1410 3972 2152
1558 1650 4051
1801 698 4174
2779 1416 3850
4428 3934 319
1714 4481 1342
4966 1806 1605
3780 410 4238
4893 3310 787
1570 505 4191
2245 2351 4375
4298 4383 2531
2215 1800 3201
1309 3085 2884
3594 627 1397
2736 3767 3290
1058 135 4612
4499 459 2818
3202 298 3574
3428 2549 2571
1211 121 4466
4340 494 85
255 3060 709
4620 1581 3501
2387 928 2674
3229 1882 2233
3181 4051 3592
4764 3952 4460
3233 1227 4880
3783 3692 3865
2594 3116 1919
4329 3331 1086
3689 4330 755
640 457 1762
3932 3098 3099
3747 800 1945
218 1241 3481
4448 1743 4669
2154 3436 1401
2942 3200 1084
2812 3688 4549
4380 4116 4274
4865 2686 821
3948 4426 4594
235 4605 26
4852 1524 4937
4432 348 3699
3733 4026 58
1306 1434 4523
2723 284 2801
212 2690 3240
2888 2192 2024
3851 251 4338
3402 2058 2305
1368 1041 1564
3 335 4371
816 4243 3532
4856 4161 4887
2793 2381 1732
4547 503 1242
4247 2580 2467
4591 4023 499
3959 4732 2419
2651 2729 4466
3134 2357 1133
2638 4500 4771
1711 28 1803
3605 3474 3341
2703 920 117
4327 2820 229
4523 2572 1215
1859 2321 3115
1004 2838 201
61 1241 3228
2026 3875 3286
71 1031 2391
491 2719 1068
50 842 3995
3472 1659 436
1478 1703 2697
1236 2422 368
3203 2318 3609
28 3837 1945
3413 1773 1318
4014 4723 561
4138 4162 212
4102 1170 3024
483 435 2909
3780 3238 4994
627 166 1915
1564 4213 4971
3617 4657 3871
1966 4059 2893
3974 2933 302
2180 3468 962
3470 3124 1728
3659 1197 1785
3476 895 4508
541 4237 2179
1464 3664 1852
4069 4642 1832
4531 208 3420
592 876 2362
3292 2271 1085
299 3449 1329
3688 2104 4030
777 2515 3039
3285 3419 4550
1058 3933 3567
3409 594 1295
1520 3774 1140
3345 38 2277
3233 1393 1775
1688 3286 4341
3035 4882 1270
4495 3108 2738
3735 2707 2022
3204 430 3837
4052 1121 4886
4270 4502 1022
3312 3633 4595
3571 1636 4399
2624 2022 1145
3285 730 3603
4070 3930 3240
2194 2965 639
1196 3316 3894
4631 1229 3507
250 736 3621
3471 3630 1006
765 485 4523
2073 3407 2451
64 4062 4000
980 4721 2604
3834 2007 2144
466 1499 3574
3577 2464 1122
556 3018 2544
921 4218 138
4238 2013 3276
495 1772 1287
4692 1285 975
2095 2098 4550
1269 2967 2000
54 2336 4814
4330 3358 2457
2389 2372 1713
3953 4728 2513
4852 3750 4734
4983 1290 3420
1975 3697 1330
4891 3350 899
4797 4692 2893
2048 1543 2253
1410 3144 3574
3738 46 2355
2851 2918 1790
2264 4231 1508
3917 2225 3072
1260 3396 1574
476 1025 2439
3917 4650 2675
2089 1099 2710
2530 281 533
820 3905 3035
3097 736 3697
3317 3170 4313
2229 2355 2227
220 4217 1255
4627 4641 3928
201 3054 4947
3149 4340 2475
1747 1960 1217
3106 3704 809
4834 557 1049
327 3329 1093
3296 1075 243
868 3085 2800
3023 4302 819
3034 4390 2699
1395 3815 1911
740 2574 989
1021 3689 1114
216 4416 3969
615 2210 2494
3668 3160 3591
2976 4796 4759
4846 3554 3022
3889 4877 4128
3284 1136 4310
3552 4607 19
4777 3561 2614
3469 3152 2828
2420 123 4720
531 4374 4789
1614 1707 1931
1950 64 1979
3383 1530 344
4813 2036 237
1573 4412 4787
1677 1764 2924
4014 4904 1634
2354 1141 4267
4388 4918 3091
2554 2511 781
3824 4596 2430
3641 4918 2166
4699 4800 275
1469 2763 3200
2026 189 4605
2905 2525 1141
2557 1827 4704
620 1287 1306
4466 3544 525
3003 2026 3397
2995 2028 1388
1698 4323 118
2630 4622 1657
1101 4218 406
1601 3873 1111
3224 3602 336
2928 145 3457
3059 438 4343
2225 2631 3869
963 213 3935
1238 3729 4318
2858 4811 4692
2271 1848 3331
1352 4289 441
506 2352 2766
1030 4780 2021
4508 3920 4309
3459 7 3174
4808 3923 1628
2480 3229 1441
443 3 2732
1273 583 3109
2649 3164 1977
3143 3199 3265
2189 2408 3730
133 4270 2413
4715 4247 3937
4282 3569 3635
3417 3692 29
2598 3355 1733
4825 2744 1251
3093 1340 3627
2625 509 4790
259 3309 4158
3695 4553 2318
2697 3955 122
3146 4751 3625
4481 4877 514
748 3700 1174
4025 698 2288
1384 3480 1871
3150 138 4459
3747 4971 2052
3884 4705 2325
222 2587 935
1147 10 2460
492 4931 1640
125 3938 1540
3522 1508 4249
3030 2766 3805
118 417 3824
1807 1552 3976
3625 2269 997
496 2558 4262
3593 1060 4648
2837 459 4851
4286 2872 2146
1026 271 3233
4851 3496 3889
3564 331 2966
3974 2041 3963
4715 457 2445
2777 3507 2430
268 4173 3882
1746 3017 3709
389 447 3736
3391 4638 1247
3334 1744 1691
3209 1981 3828
1004 2488 2941
3075 185 4709
2875 3782 3103
3847 2183 2687
2455 4311 3438
2804 3904 4614
2507 3792 1295
1713 577 1709
2605 1126 3007
4446 1738 3111
107 2851 4474
2031 455 1936
1090 109 4036
2585 4434 3908
2665 3882 2480
1725 4491 3208
1688 471 2778
4356 1986 868
2594 2950 3212
4337 4100 804
3856 2308 955
2548 664 3603
2640 2916 31
1628 1542 4849
3228 1816 4097
432 4098 4787
1414 1897 1750
3298 1193 4016
39 3902 1356
386 1088 915
885 1048 1868
4735 2929 1427
4521 4739 3191
707 1734 1948
889 4481 2318
921 4442 2626
4874 984 3673
1724 4140 3884
4935 2484 4963
1074 1744 971
4858 1756 3805
2064 4185 4874
3165 3279 3906
726 3705 4644
3822 189 3934
2647 47 61
1633 2260 1084
2095 2803 489
4986 1508 3190
4315 4156 4864
2617 446 2936
3043 778 2518
4046 2817 4928
1368 12 2689
3031 2699 1509
4239 1799 943
4163 4591 2032
407 4937 4648
4594 2588 4655
2915 2274 4726
2501 2918 2799
4706 3054 1869
1128 2171 1318
2679 2856 1421
2117 2087 1470
4950 1551 554
4832 2343 1807
3183 232 1560
3800 4954 559
945 1210 3698
4374 938 1993
4050 4663 4734
1673 652 1644
2608 551 3185
4503 1969 3936
1337 1653 4973
4878 3149 1074
2188 4038 1986
2370 999 1302
3347 2238 59
2892 2811 3477
3097 3671 408
4577 4324 441
515 3148 3475
1627 3962 2302
2974 2194 2105
2803 624 3520
1439 1723 1419
594 1547 3553
2107 1221 3640
596 2052 4419
4699 3489 2018
3599 2887 515
3887 4323 1933
776 1565 1780
296 2970 2138
8 1049 519
1582 2847 4799
4213 1301 3433
3886 2900 593
3494 319 1297
3937 4452 623
2647 3514 1296
814 1570 2477
151 3729 4772
2913 3559 3379
577 4711 612
3908 70 3998
243 3077 3843
3926 1821 1855
4979 125 3887
4190 2435 4272
883 3262 2271
2606 2956 2016
4726 4264 4259
4501 1771 4893
739 4265 4714
3990 4178 1388
4727 3642 3319
2239 3360 3649
3842 2254 3309
2034 2021 1412
2181 3944 4628
1045 396 1425
700 3352 3052
4159 2192 724
1878 1304 3961
4533 4538 4284
2870 2426 2538
4260 3111 658
4868 864 3410
3622 4596 3662
3543 3979 4070
144 2177 3330
1186 4439 4619
4831 4275 348
572 2889 221
4105 4415 280
1175 3236 606
1928 4273 863
3914 4307 2073
2139 4862 4644
4458 3217 1304
3898 4588 4156
2847 3375 1932
2277 1961 2655
4202 2542 4521
1107 615 4715
294 2473 1381
3869 690 1499
2258 4615 1450
1189 1121 4227
4628 2031 1784
4408 4296 1317
222 754 125
814 1937 3273
996 4651 1701
3424 498 1587
1834 2057 2803
3975 833 1242
3431 2228 2143
1315 2977 526
2695 2721 2505
2570 1431 509
1659 4701 717
1777 2606 4848
2815 1938 4580
1997 74 766
1002 2204 3287
3328 2057 1936
3724 914 210
4357 73 2434
3533 3344 182
574 625 3461
3231 2072 1038
1883 1257 2698
1683 1891 2412
336 3679 2859
4945 2195 3518
1313 1655 3066
1629 4828 2167
1780 4611 2828
3263 4900 3274
910 3258 1170
4209 4112 1897
4832 2909 3379
1875 4633 3113
1298 3521 2174
3349 4365 4006
4782 477 3694
2787 1303 2375
2066 920 3261
2687 1834 787
4804 2741 3618
2157 3 510
1201 4821 1721
1950 4625 3739
451 858 1028
831 442 4998
4866 1025 4090
1508 3384 1180
4951 1807 1576
4983 1877 3807
3386 3373 3120
1416 2063 3435
343 4365 577
4755 2112 4079
4537 519 304
1243 4610 1264
2951 991 1240
45 4556 1869
329 1870 1844
2853 1063 1856
1504 1441 3817
2337 532 4413
3997 511 3978
550 3593 2003
1265 3400 2613
3534 124 996
2714 4778 1069
4185 661 3894
4859 1445 488
1894 4304 3502
2046 221 4283
3604 3393 4921
1808 3929 1748
3380 1089 4409
4934 2493 4451
891 1257 114
2250 4391 3647
4130 4182 4270
2526 2403 2178
4744 3356 2690
4467 723 2018
117 3397 4651
240 4817 3230
1052 33 3070
2340 644 4861
1448 3742 3120
3898 350 613
3771 1404 4812
4640 2807 2960
4110 2383 977
1850 1369 788
3928 2586 4657
3178 2679 1192
2676 1468 320
1326 1191 1475
4786 954 1968
308 3075 4129
4453 3609 4286
1900 2446 3035
360 4352 4032
2422 3833 1476
3032 3647 183
2155 940 1509
3241 3815 4497
3670 2035 4382
4124 3029 815
3420 38 4608
3714 326 2704
742 4359 2580
4716 4034 4505
1556 3885 3940
885 1799 1000
1867 2223 1852
4110 1124 726
458 4103 3549
1596 2651 237
2753 931 599
1748 3839 2447
3332 4081 3940
3765 818 4430
3836 1689 4719
2624 4001 2160
1830 706 2777
3199 3601 2304
1310 4702 1293
1938 2419 1853
1935 1998 4796
1424 991 4653
2477 3251 1790
265 2621 384
4903 3755 1848
4045 3037 616
910 3979 2591
2945 1973 585
2144 2752 137
4585 3904 3849
438 851 2219
1855 3901 3161
1861 3874 3761
2465 2838 2915
2879 2062 162
3917 4050 582
741 3326 74
3378 4430 118
1808 1047 4461
4078 4586 3220
1659 4387 1772
1757 4972 3060
4197 1429 2597
943 820 1187
3072 3685 4552
3261 2702 207
1352 879 1552
1824 2577 2930
4906 4900 1546
2439 336 1726
1075 2189 2747
3933 4885 3222
3493 6 2183
2049 2787 1007
440 3647 4277
3648 10 1198
4913 2162 4183
1538 4124 4858
4942 651 1790
2412 3708 3371
987 2058 1370
4342 3090 2253
4706 1441 3311
2551 4997 1125
2158 372 4031
4825 2857 54
400 3087 541
4043 3400 4265
2691 3015 1891
2191 3193 3230
3771 1285 1606
798 1260 2580
894 1992 4572
2684 2978 4446
4881 3117 3065
1031 2217 1451
3522 593 1307
3209 4822 890
4569 3713 1017
58 1818 4894
519 1619 1028
1011 4998 741
1685 2738 1373
2812 442 2153
776 1092 401
24 97 2213
1955 4432 10
2164 3104 1386
978 4707 21
3539 4195 4407
3667 4162 4124
1628 3702 75
1735 4723 3267
639 1157 2742
3933 2527 3231
4478 1238 1508
1338 3943 1592
2515 1934 2774
1926 543 707
4127 4580 4021
1196 2021 4146
908 2615 332
1427 2333 2159
2861 3506 903
1649 2089 2222
3149 4031 729
1707 4993 2448
4126 4270 2151
1803 810 2554
2913 775 17
4381 2796 3231
4477 413 1393
736 2754 1641
1883 4442 313
389 4961 4417
4190 4362 3480
508 3471 4675
2603 4303 2517
2806 3195 705
2881 3957 2965
2565 607 1479
4323 1597 500
931 3088 4843
267 562 1586
2025 533 2422
3151 1389 245
322 3863 2408
3774 2873 3568
2935 4438 3324
1715 1028 3737
3739 1688 2475
2910 4686 3194
4141 1961 2698
1955 3194 4873
1433 4407 2954
1598 3071 2659
3184 540 4655
3179 4186 1448
1535 4422 844
3625 2070 3215
3195 7 1256
3263 1825 3485
3963 4844 119
3078 3203 1087
3177 365 4058
4515 2792 3342
967 2136 344
2611 1063 1356
352 2713 3980
120 1827 9
637 4492 3374
4860 3430 3083
4032 4898 142
1117 143 1896
200 1591 2469
2072 2417 4824
344 1343 1756
2464 3325 1074
1969 1567 3944
2310 380 4750
761 1558 2947
2756 4062 3223
879 243 4179
4994 4452 927
1415 4750 4589
2079 4389 2873
1106 743 4813
4605 1034 1572
50 592 4027
3059 274 1128
2425 4813 2904
3465 1673 1631
3232 1394 897
3983 1358 2792
3858 1192 225
1224 4719 3235
2045 4738 4416
2429 3986 4970
2377 2269 4351
2784 2567 3142
11 1532 4539
1219 2114 2615
2133 3283 4001
2681 1294 608
1765 872 2410
4286 3627 76
4481 4567 33
3354 1752 651
2549 4230 4609
2141 4145 2800
4412 3260 3616
2748 3300 4040
4817 1893 4878
564 1842 4074
2537 2589 726
3284 1432 4747
122 2198 647
2352 202 1933
4023 4056 4678
3936 1393 1659
962 4524 2000
1803 4298 196
1772 4471 1784
1341 2689 4822
2417 1264 1421
4508 38 176
11 1890 54
537 4246 2771
2749 2264 3544
352 385 3531
4608 748 2820
4300 1184 2675
2940 1326 1403
3641 1921 818
2572 681 1771
4674 1200 137
453 3045 1141
4291 2838 2000
4625 2073 4154
1785 4630 3855
1764 4717 2742
4355 536 1461
2722 539 1395
2877 3607 2841
3396 4630 3798
4929 1037 4569
4964 4498 2619
2881 800 1416
3533 1754 425
3755 1064 804
2912 2482 535
2723 836 891
4877 3336 3928
134 2820 3777
3919 3085 3839
889 2310 3308
2322 1772 2721
1995 3134 246
1035 4559 336
2447 2249 255
1547 4919 4950
526 1322 1869
2325 3513 3882
288 1707 1672
3589 674 4377
603 3584 4043
2048 4547 786
4729 3514 2823
4139 805 2712
3894 3734 3757
88 1097 2103
2991 3246 2956
2475 1306 4420
2479 2892 4325
3651 1200 1168
3528 2296 295
4213 1044 1865
4869 4906 4928
2041 916 3742
1490 1444 2852
