6000 800
5449 576 5390
4817 4981 1626
893 4553 481
2663 2175 2892
4172 2147 954
4155 3889 2999
363 3038 4314
4429 444 421
3273 2304 2906
5993 732 2632
2968 34 4817
542 5783 4999
1375 5115 649
4203 435 5283
5701 821 4828
3182 727 5988
4298 1132 3816
1565 3041 3707
1986 5047 4628
2994 658 4336
2847 3135 1202
5010 5643 4041
165 816 323
2079 2368 549
2893 4914 390
1247 2889 2233
745 2791 5223
3045 2246 5729
3832 5538 3845
1392 3548 4248
4428 2057 1
170 2771 2592
3572 5038 5570
2269 2139 463
5424 2676 3498
4414 501 843
4927 4000 3162
2286 2839 411
4426 2989 8
2454 2659 5697
4791 5698 4608
5414 4322 4181
3580 3425 5049
4632 3233 531
2790 4614 1075
2404 2181 3844
4115 2628 5913
2486 2092 4848
5261 2393 4386
657 5948 1613
4819 754 4032
4548 931 2796
3974 2757 5691
4263 1161 665
5175 4496 2214
2325 2305 4442
5513 3514 2362
1341 5578 2256
451 1806 601
1052 3303 2519
2663 378 4374
3546 2127 2880
5858 2895 1790
4056 2117 5504
5778 5329 475
2285 4276 1613
2507 1354 3245
2618 1331 4973
4620 3246 2596
2323 5483 4316
3257 1939 5255
1221 1218 5962
2749 4975 1851
1756 2527 727
457 5252 3984
5018 2684 3714
1491 5101 2374
3525 2218 4783
5576 2394 672
4019 5587 4817
1327 340 3784
3935 1626 1253
5598 220 1818
3084 1467 2916
4993 943 3308
958 4109 5242
105 2038 4856
577 2841 2866
3641 4857 1285
914 3302 2813
2666 2471 1388
4520 6000 2664
5509 5108 1061
2480 3035 2992
4449 2189 4169
3008 4316 3326
5863 5827 943
3521 2108 1444
5094 5179 4951
516 2340 928
3008 4732 2764
1363 2252 5162
291 4405 865
5651 1697 5870
597 348 2109
2617 5500 670
3871 1963 2919
5338 5989 3037
5323 5290 508
3426 914 5672
5228 3292 3654
3213 2858 1787
4660 5733 982
5576 4421 1936
626 2208 1834
1792 920 2234
5080 5272 5144
3076 1077 4614
1107 4191 3952
4996 699 3818
409 5971 3857
5837 4417 5414
1578 4941 3535
1103 1803 2684
4166 3446 5558
648 1619 2230
2411 39 1297
2733 3220 3059
2277 3485 2751
832 5806 3917
5874 2606 4835
3626 3930 511
5217 712 1040
3749 3624 3558
4208 3004 5850
5849 4865 2642
715 5677 5294
1970 1067 5044
1401 5288 1683
3946 5887 5672
1106 5580 2648
4192 399 1602
3182 4743 3958
3528 222 2125
5617 5739 5562
4528 4220 612
1532 3530 4273
3456 1662 2121
5229 1485 4642
1154 5509 5194
5850 5857 3572
1918 5104 2270
3505 4998 2052
1489 4270 1188
4520 2585 2576
4765 2832 2835
4197 3002 3981
4053 4500 4377
3107 4043 2402
4962 5577 905
331 3087 945
4333 2483 3049
3053 2401 3957
2299 4260 2895
3605 4878 5926
5113 3190 5741
558 3553 5671
4349 5696 4666
881 4173 3849
5082 815 1875
4983 5155 362
2471 1588 4680
2983 1506 2208
822 989 5160
1386 4010 5634
4187 4877 2228
4116 1690 1752
4912 1613 4162
3621 1431 3917
4491 1003 1966
4955 1679 4476
3587 5832 3589
4312 322 99
231 3740 3530
10 4782 744
3881 4561 5512
5722 3810 1580
2766 4193 3077
3069 1155 2553
3197 4477 433
4397 4502 649
5092 5316 4422
2232 4044 1196
218 4202 3254
226 2407 2019
1787 4490 3263
2682 1280 3164
3924 3985 894
442 2147 5744
2409 3982 2487
5093 5142 3067
396 654 1796
230 1323 1121
1064 5507 5726
1388 2229 4552
3571 2241 5090
3677 1275 1467
4952 522 5520
4291 850 4891
3846 3249 3685
4832 3346 1426
4517 224 2216
798 2994 1635
1350 1155 4620
5971 5041 3110
1935 5575 5603
4623 4758 5783
4985 4932 2006
1230 4489 4378
1797 2528 5961
1495 5860 648
5374 5203 2016
560 1018 5294
2278 5226 2527
4363 4439 1663
5483 4089 3009
2073 4728 1277
2405 2257 3247
4662 2559 5600
4589 1598 1132
5830 3036 5822
3021 5145 4992
2016 2730 3610
5849 555 5394
4490 3091 3176
3247 335 3172
5763 3660 2229
4203 2719 1496
5273 5226 1794
4080 593 147
3278 1464 3579
3033 4453 2805
4048 1068 2180
2499 4116 59
4821 5585 2457
5299 4290 1458
922 4887 3307
4228 3894 2914
4378 1365 4153
5109 5420 3617
4409 2685 749
1776 3171 5530
5056 5433 730
3788 5430 3704
4601 3370 1141
3868 5964 5766
73 5022 1932
5856 1850 3375
3432 5151 2731
3889 3903 5983
2005 1915 2091
4832 2713 745
5947 2685 5249
1371 2524 2942
1862 2356 5546
2084 92 4936
2948 2432 4357
5842 2173 5242
3476 2425 4920
1444 4744 387
129 2676 3092
4243 1155 3480
840 2600 1727
1216 2755 1681
5797 3512 4361
1242 4545 5852
413 3662 5851
459 4432 5083
3010 4970 729
1066 1287 3739
3696 5261 5884
2318 1399 2627
3772 4959 1796
1240 2753 2581
5150 922 3032
2578 2086 2337
1668 3049 5897
1251 3415 78
4937 3179 745
3756 2428 1130
357 728 4670
991 4231 2920
1329 81 4130
5049 368 3922
409 4370 3246
166 2690 5783
1083 4176 4767
4886 4254 556
74 679 226
1562 5112 3841
4786 3361 1405
3932 5398 1338
3225 4083 3174
2627 1854 2994
5570 2173 5421
156 3814 4534
5091 1566 4526
853 1430 2581
778 1949 3035
1690 3323 5260
5791 3668 2056
4375 3723 5911
4064 3919 4754
866 19 2896
2153 3946 3075
3834 2468 1281
2776 69 4416
416 269 3112
1808 3528 4199
2066 2390 873
1102 202 3204
132 1248 156
1754 3606 1677
4723 4105 922
3271 556 4844
4294 4395 3534
2231 4960 5236
4266 2114 5047
743 2914 5223
5799 2891 2008
3028 4393 4528
534 1920 2722
5485 4149 951
933 5899 4147
3006 1291 4033
1936 985 1125
4572 835 1236
5206 1909 5219
3269 490 5435
1146 4801 3536
2524 2652 2619
141 5348 4136
4080 1530 3186
4679 885 3776
4122 5847 674
4205 5681 5098
5445 4054 1926
2549 1752 3565
2903 1591 1246
357 5483 3315
2554 1457 3114
5441 2801 5490
2870 19 1048
4260 2103 115
3476 2681 1046
4934 4094 2699
5818 5127 2584
1957 5259 2151
5454 3554 1230
3177 2053 4745
3218 5514 2457
3842 1989 5387
2094 4406 5885
3080 293 2861
4290 3133 1023
4603 4254 2304
4220 4275 3191
2890 1188 5334
995 2015 2131
5611 2817 3652
2033 1365 3574
1796 3368 5781
2791 1449 60
1359 5625 3421
2998 14 5583
776 5156 2191
25 1543 5193
4705 2250 4981
738 5110 2046
4621 1388 5136
1424 3679 3960
2712 4713 2887
5836 1524 2447
2301 3394 4069
4043 5961 102
1277 2571 5280
1888 289 1082
3671 351 2980
966 4107 5804
4189 1600 1561
1503 712 3352
2725 1623 4616
5376 2606 961
503 1821 5194
4677 2509 1597
547 5065 1371
1862 1877 1379
5662 5843 1862
2699 5837 3625
3029 2202 998
855 264 2184
3880 1312 228
5901 4302 2440
3540 1220 5542
4803 1483 4234
3737 5552 1173
5301 2391 3647
1606 2257 1107
1082 5967 736
4504 3539 4705
1952 2066 1629
926 1030 2800
5518 2461 221
5183 3051 1822
4915 1998 2439
5686 4568 921
2381 808 2800
4272 189 2832
5182 1053 3373
4682 5749 3164
558 5475 3275
1432 380 1314
4363 2865 3450
4129 2951 5869
5397 932 4849
5412 2277 1863
857 5710 5024
5957 5822 1581
2196 3701 4382
4112 1533 2004
3646 4541 1306
1691 1074 3640
3784 4675 5288
5738 5097 1929
1890 4251 5471
3883 1632 5534
3339 4561 3873
3103 4926 2731
3517 32 5589
151 5511 2494
3780 4557 1465
3160 4215 5440
5301 737 458
5886 5252 4922
5888 2507 83
765 1290 2454
2326 2038 2970
3571 4391 3568
766 892 2692
10 2231 4324
2963 2495 2585
3124 5217 1690
4571 1869 3258
4886 3532 296
1807 4875 3554
2897 4963 744
747 2122 4111
1438 4362 3684
5186 3068 5379
3515 5318 304
4226 5555 4748
2162 1726 1653
2326 5984 4042
5448 1489 2244
1622 612 1058
325 3403 3443
4190 1432 4350
576 4855 3315
1995 4310 3612
1429 18 902
3411 5833 1602
1838 2338 997
4427 4280 3939
4518 3838 681
4249 684 3965
2685 3421 1123
4970 1681 2067
815 64 4740
224 4621 3101
651 1124 3053
4113 3069 3290
1977 5701 361
3105 4884 1616
369 288 5608
4779 3814 82
1489 29 5791
4358 4956 914
5552 5294 4911
5448 3768 5055
3999 1454 4124
3740 4401 4780
29 4374 2454
1606 5046 67
4901 3496 598
4154 3322 1041
2543 5433 2529
1202 5555 5202
657 990 1845
3667 5717 1448
3450 1929 2169
4493 5539 5072
4433 3142 2387
5130 494 1318
4075 4625 4634
3689 3756 3908
611 1943 4209
3759 3571 5651
2735 5476 1809
2777 4002 3696
3293 4296 5061
1979 2217 2662
5262 4955 3893
2926 4069 5277
3520 4734 3909
491 5331 4818
4738 863 3143
882 1052 4818
344 1783 5651
147 5008 808
1704 3397 2415
4845 2794 4487
5778 3388 342
4884 4849 5521
305 1800 2152
4817 1949 2518
1402 97 708
1909 3305 5127
2117 3161 301
5674 4649 3665
1023 2924 74
1001 455 5563
858 5137 3228
699 3191 2851
849 2359 5366
1881 4816 3139
527 1595 4120
4436 1489 3574
4603 5591 5274
2764 2313 2827
3343 3352 5343
2779 3640 1759
5048 4818 278
4109 1540 3711
2310 3354 2835
617 1799 4450
2467 561 1305
2048 4644 2282
4588 4624 1175
2438 4372 2166
4540 4852 542
3819 1450 2849
3025 1099 3973
2204 5407 1187
4419 4823 5164
2348 5849 4259
3893 3378 2898
5704 4827 5939
1743 4403 2918
2288 562 4025
1802 4330 3974
2742 5464 59
3539 1962 780
5527 5829 3345
4004 5730 4312
4330 3862 2982
2139 4128 5180
1051 3108 1255
3407 259 87
1206 2796 687
1984 5258 1310
229 628 5647
808 240 3707
2948 2254 2221
3607 5524 1443
5369 3711 1379
276 2110 1685
3061 108 4978
4829 417 1317
3262 4437 1432
4665 5122 139
1913 274 2732
2700 5861 4643
5784 4079 3280
351 1681 4729
3573 5818 4562
649 4313 748
445 2032 3720
4946 3473 4527
384 3127 2076
2431 2396 1394
3554 1165 3204
9 4368 4562
1978 4286 4575
2594 4346 2018
356 1884 4485
663 5143 5113
1770 817 5851
5053 77 3311
5925 2832 3732
4396 2779 901
5308 5280 988
1120 536 2312
3339 3434 932
5908 5004 483
4920 4482 5864
5515 4367 1220
5648 3349 58
2452 3897 4775
5791 1515 3449
1436 2086 5082
2371 3906 5013
1508 5781 3689
4915 249 605
1284 1550 4984
4348 5069 2168
3880 2266 3310
147 1787 1210
3707 1044 1642
4437 946 4352
1531 1359 1523
5975 886 3411
5133 269 3758
5138 4879 1178
864 3388 4462
4768 2598 2113
3094 5343 5851
1826 3495 2027
4846 5565 134
313 5627 4842
2514 4328 1803
4039 2793 4696
4708 4295 5045
1382 4766 232
1637 814 352
1471 2101 2660
2164 5316 2801
3463 172 367
4632 624 5683
4405 1815 2335
1934 4970 1321
5064 3889 1729
687 2935 2147
1366 1309 3402
834 2609 2711
5575 1690 4869
2397 3166 3553
2347 2780 5296
5631 1127 3581
4203 2621 5127
3311 5739 1846
5326 3734 1250
1713 4083 5766
2792 4673 3199
5927 3171 5285
1514 1418 317
1140 5903 1109
5000 3930 5474
939 2484 3475
2719 4663 5736
4664 1511 1770
1929 3942 3417
1046 3131 596
1733 1970 1554
5985 768 201
1127 3360 4247
4455 1539 5387
2985 2835 2735
1396 2784 2301
2281 3535 3478
2085 1088 4277
4413 2838 2157
249 2564 5746
2576 1478 3289
3566 1250 1771
325 1662 3349
4246 616 3951
2061 1844 5690
1194 2960 5033
2099 2026 3515
5280 2903 4789
487 4806 3261
4812 1006 703
3625 250 802
2824 131 83
2367 2776 2810
4053 927 2868
352 5678 5397
3854 5309 5773
2618 4051 5316
3363 4435 382
38 99 3056
4089 3426 1102
4522 1526 5142
5975 736 1419
2204 3838 2876
2381 1991 1033
4870 3509 5640
1342 5680 4356
299 4059 3651
3873 3855 235
1917 4017 524
3941 4588 637
1787 3038 4778
5019 5391 2627
351 2729 994
1172 4544 4615
83 5673 2897
4969 4617 3818
4371 486 1319
2990 2796 2587
5732 5183 1120
3371 2790 3866
3261 5665 1386
2726 2782 1937
166 1249 1631
3246 665 4285
5947 3423 1259
5775 1298 2445
5794 5696 5215
4704 1381 1936
3090 2927 2981
1510 1871 383
3049 1796 2528
3707 1408 1392
1219 2699 2821
2534 4420 2892
676 4890 1079
3267 4158 936
293 5873 1522
1104 882 4149
2753 5453 2360
226 4099 3476
4195 2734 3499
3795 2367 3475
5996 1913 2249
1244 1933 5854
2496 1950 5115
5690 5591 5206
1164 1058 5936
2636 5438 2923
2789 836 1272
841 5061 885
1511 5190 260
1198 3390 5584
331 5839 4987
5256 3182 1876
5029 5349 1530
1105 3946 4488
509 5445 3272
628 2597 5133
1618 1892 3999
1352 4801 2150
3642 3718 1222
2012 4482 3232
1363 5505 4853
5644 5880 4452
728 2542 2770
5478 4584 528
1707 1559 413
4057 4448 4433
1422 329 3881
3162 2825 1578
5627 4749 4383
129 4979 1609
4439 2308 3666
5734 5421 2035
5596 1930 4848
4435 4781 4137
1306 4593 1573
2219 3374 4185
4775 1819 4200
3041 5729 350
4304 4269 3901
27 2591 2750
4679 1655 603
1074 5600 669
5221 5269 3650
391 5206 2977
3706 3578 220
1444 3422 2644
2617 5645 4137
5534 3914 2183
4194 4401 2161
4479 245 3449
4434 3951 3482
4994 3968 734
783 3533 1957
3962 4671 4799
5201 341 3
3205 1919 111
132 566 5465
5713 224 4646
3234 4456 1110
3081 2167 3167
2167 1737 4037
475 1387 4552
3874 4297 270
5839 4409 5431
713 2837 4517
4950 5501 4436
